fixed:
U_qn_list: [0.020006568798037267, 0.006726424183708014, 0.00434226971576773, 0.003412426779752239, 0.0028677080471365326, 0.002203722492724228, 0.001958898443364741, 0.0016102484727703343, 0.0014829607370258546, 0.0013320738582377333]
U_Eta_list: [-0.3637306280667436, -0.32614215740362695, -0.32400827914677177, -0.32723423818180464, -0.33116883390682206, -0.32499693391912743, -0.3276045792435279, -0.3230381038313248, -0.3255280916015989, -0.3255152984998666]

pgi_rdfl:
U_qn_list: [0.008181314580138663, 0.0022729971542812914, 0.0010003878892096663, 0.0029613567773557033, 0.002537415954562668, 0.00024465394428587075, 0.0015760796949463704, 0.00013799041595514758, 0.0012887014364351293, 8.753916457320805e-05]
U_Eta_list: [-1.1102230246251565e-16, 0.050383855005614375, 0.06664214532077806, -0.021141537223899, -0.030347578589489665, 0.08137218586550599, -0.014069300594251488, 0.08495662004345284, -0.019289421962018105, 0.08735881999491613]

random:
U_qn_list: [0.004879251387796715, -0.015869673572045346, -0.021546778375379456, -0.007017844536257381, -0.0042825610874949035, -0.01372284916503349, -0.009729892916789858, 0.0010218434713672234, 0.0004126470571156018, -0.005948582491510149]
U_Eta_list: [-0.1992243020800306, 0.12682024188139285, 0.48920543384122506, 0.08697339456316255, 0.07611981271646961, 0.6301191648713914, 0.48644798048881177, -0.2759086026749037, -0.23020039860317965, 0.40061759209813097]
