non_two_way_selection;
U_qn_list: [2.2293183085073675e-08, 1.9977314958081403e-08, 5.437775830006455e-10, 7.112825823364063e-09, 2.880411790916204e-09, 2.588762130453809e-10, 1.0946453223121032e-09, 1.0494406887699566e-10, 2.2227371842100082e-10, 6.971315550047934e-10]
U_Eta_list: [-1.5923702203624058e-06, -6.228416603846305e-06, -3.569837567790542e-07, -8.946296465218415e-06, -6.059118654030849e-06, -6.410268132552255e-07, -3.8451299482520605e-06, -5.73596440414538e-07, -1.4133709269161056e-06, -5.838047504966128e-06]
selected_do_avg_fn_list: [0.7673974152039331, 0.697767943531419, 0.739871560408493, 0.773194600760119, 0.8008022818251861, 0.8167405437397406, 0.8008549649379036, 0.7795670780346716, 0.8415913021441158, 0.7942324776528156]

random_selection:
U_qn_list: [2.5771559140078983e-08, 2.3640125118575817e-08, 1.0446728041432903e-08, 5.242812470656972e-09, 2.4727440052982864e-10, 2.8602242891703488e-09, 3.578420656307037e-10, 5.37534303540467e-10, 1.328042413129349e-10, 1.3202229113432184e-10]
U_Eta_list: [-2.4160836693824044e-06, -8.671486943058386e-06, -8.74345716511233e-06, -6.9344932945222855e-06, -5.277275204387495e-07, -8.94923171420994e-06, -1.626605993299317e-06, -3.1637751672750925e-06, -9.363071958411975e-07, -1.1873956062385541e-06]
selected_do_avg_fn_list: [0.5300990838967706, 0.6322358345971153, 0.693718171785043, 0.6088504669035559, 0.6574638203222735, 0.6391478544758442, 0.6602259544291998, 0.6457028741903733, 0.6564849553071853, 0.6862285396074289]

two_way_selection:
U_qn_list: [0.0014761277556647684, 0.0023774902406499066, 0.014801370376349732, 0.012028337985980794, 0.008331191577156012, 0.006803530549252748, 0.0049404939703355105, 0.0051612308528955165, 0.004041455074781069, 0.00023410065733837294]
U_Eta_list: [-5.260121008914762e-06, 0.0008573809365079454, -0.3912712373115528, -0.4325966963548159, -0.35581515160098987, -0.3451288696582322, -0.2785617320956707, -0.3499750994557783, -0.2959082797519794, 0.026695730018061026]
selected_do_avg_fn_list: [0.5454834403648007, 0.6688743105164064, 0.5946592165120189, 0.5561746902008702, 0.6355258816327773, 0.6470209803988087, 0.7200569571084432, 0.6448365376877682, 0.7017754779020116, 0.6926871253153707]
