fixed:
U_qn_list: [0.6332452306002704, 0.019490462373627945, 0.01343576916046671, 0.01474264191313249, 0.00726548009884058, 0.01201551980344884, 0.006164578499337185, 0.004960571014568012, 0.0045023100837055675, 0.0124184960357638]
U_Eta_list: [-0.9999917083742962, -0.49164883564978745, -0.49572341352873617, -0.5560653199361498, -0.46761956509661207, -0.5942817969929863, -0.5118183728344223, -0.4906613890736905, -0.4957796398075329, -0.7033162868336486]

pgi_rdfl:
U_qn_list: [6.442997503025005e-06, 0.016441423113981175, 0.0009839478484086337, 0.010975652323492055, 0.0006481431092099501, 0.006733522276387652, 0.0004714272931258528, 0.005134883576682212, 0.004299672576486055, 0.004543708556751627]
U_Eta_list: [-3.9641231269456014e-06, -0.2659685478061652, 0.006713550435054699, -0.38774965132097783, 0.011868867352470225, -0.34100737200135844, 0.019030080628385626, -0.3475907935278073, -0.3205128180940232, -0.3960571661915522]

random:
U_qn_list: [0.004879251387796715, -0.015869673572045346, -0.021546778375379456, -0.007017844536257381, -0.0042825610874949035, -0.01372284916503349, -0.009729892916789858, 0.0010218434713672234, 0.0004126470571156018, -0.005948582491510149]
U_Eta_list: [-0.1992243020800306, 0.12682024188139285, 0.48920543384122506, 0.08697339456316255, 0.07611981271646961, 0.6301191648713914, 0.48644798048881177, -0.2759086026749037, -0.23020039860317965, 0.40061759209813097]
